
                                   _E:E11 PI: PART-1-1 E:   _E:E12 PI: PART-1-1 E:   _E:E22 PI: PART-1-1 E:   _E:E33 PI: PART-1-1 E:   _S:S11 PI: PART-1-1 E:   _S:S12 PI: PART-1-1 E:   _S:S22 PI: PART-1-1 E:   _S:S33 PI: PART-1-1 E: 
                     X                     1 IP: 1                  1 IP: 1                  1 IP: 1                  1 IP: 1                  1 IP: 1                  1 IP: 1                  1 IP: 1                  1 IP: 1        

                   0.                       0.                       0.                       0.                       0.                    -100.                       0.                    -100.                    -100.            
                   1.                      -6.28257704E-21          -1.64825821E-18         -37.6954651E-21           -6.28257704E-21        -100.                    -178.011902E-15          -100.                    -100.            
                   1.                      -6.28257704E-21          -1.64825821E-18         -37.6954651E-21           -6.28257704E-21        -100.                    -178.011902E-15          -100.                    -100.            
                   1.00250006              44.5583954E-06            1.27908766E-18        -250.E-06                  44.5583954E-06         -100.042114                -1.92557931E-15        -124.206558              -100.042114      
                   1.005                   89.0240936E-06            1.90250373E-18        -500.E-06                  89.0240936E-06          -99.9945145               18.1456203E-15         -135.946426               -99.9945145     
                   1.00750005             134.352371E-06             1.68566334E-18        -750.E-06                 134.352371E-06          -100.050705                 9.31263924E-15        -146.926971              -100.050705      
                   1.00999999             181.711105E-06             1.36040282E-18          -1.E-03                 181.711105E-06          -100.119362                -2.1863966E-15         -157.248367              -100.119362      
                   1.01250005             231.693237E-06           953.827026E-21            -1.25E-03               231.693237E-06          -100.155022               -15.4538651E-15         -166.973251              -100.155022      
                   1.01499999             284.316254E-06             1.1977725E-18           -1.5E-03                284.316254E-06          -100.157524                -6.15344334E-15        -176.162399              -100.157524      
                   1.01750004             339.338074E-06             1.36040282E-18          -1.75E-03               339.338074E-06          -100.144928              -272.380463E-18          -184.877853              -100.144928      
                   1.01999998             396.515167E-06             1.41461289E-18          -2.E-03                 396.515167E-06          -100.13224                  1.56451499E-15        -193.175674              -100.13224       
                   1.02250004             455.697235E-06             1.36040282E-18          -2.25E-03               455.697235E-06          -100.125168              -362.703888E-18          -201.100677              -100.125168      
                   1.02499998             516.811401E-06             1.2248776E-18           -2.5E-03                516.811401E-06          -100.122887                -4.9096961E-15         -208.686752              -100.122887      
                   1.02750003             579.815613E-06             1.00803709E-18          -2.75E-03               579.815613E-06          -100.122551               -11.9342194E-15         -215.960022              -100.122551      
                   1.02999997             644.664856E-06             1.44171798E-18          -3.E-03                 644.664856E-06          -100.122025                 3.46718693E-15        -222.942322              -100.122025      
                   1.03250003             711.30072E-06              1.03514206E-18          -3.25E-03               711.30072E-06           -100.120537               -10.5252275E-15         -229.653183              -100.120537      
                   1.03499997             779.655151E-06             1.27908766E-18          -3.5E-03                779.655151E-06          -100.11824                 -1.63812959E-15        -236.110489              -100.11824       
                   1.03750002             849.657593E-06             1.41461289E-18          -3.75E-03               849.657593E-06          -100.115608                 3.06270361E-15        -242.330643              -100.115608      
                   1.03999996             921.240662E-06             1.46882296E-18          -4.E-03                 921.240662E-06          -100.113014                 4.74092674E-15        -248.328339              -100.113014      
                   1.04250002             994.342834E-06             1.41461289E-18          -4.25E-03               994.342834E-06          -100.110626                 2.63836026E-15        -254.116684              -100.110626      
                   1.04499996               1.06890762E-03           1.27908766E-18          -4.5E-03                  1.06890762E-03        -100.108444                -2.12507892E-15        -259.707336              -100.108444      
                   1.04750001               1.14488292E-03           1.03514206E-18          -4.75E-03                 1.14488292E-03        -100.106392               -10.3455935E-15         -265.110779              -100.106392      
                   1.04999995               1.22221899E-03           1.44171798E-18          -5.E-03                   1.22221899E-03        -100.104378                 4.07976055E-15        -270.336517              -100.104378      
                   1.05250001               1.30086863E-03           1.00803709E-18          -5.25E-03                 1.30086863E-03        -100.102356               -10.9596968E-15         -275.393311              -100.102356      
                   1.05499995               1.3807857E-03            1.2248776E-18           -5.5E-03                  1.3807857E-03         -100.100304                -2.99236655E-15        -280.289307              -100.100304      
                   1.0575                   1.46192622E-03           1.36040282E-18          -5.75E-03                 1.46192622E-03        -100.098244                 1.79641533E-15        -285.032013              -100.098244      
                   1.05999994               1.54991293E-03           1.30619276E-18          -6.E-03                   1.54991293E-03        -100.22229               -148.531418E-18          -289.909485              -100.22229       
                   1.0625                   1.64100277E-03           1.14356232E-18          -6.25E-03                 1.64100277E-03        -100.273575                -5.71693611E-15        -294.60025               -100.273575      
                   1.06500006               1.73521364E-03         872.511719E-21            -6.5E-03                  1.73521364E-03        -100.279953               -14.7354279E-15         -299.08194               -100.279953      
                   1.0675                   1.83223987E-03           1.25198257E-18          -6.75E-03                 1.83223987E-03        -100.256645                -1.00238478E-15        -303.383606              -100.256645      
                   1.07000005               1.93168068E-03           1.55013812E-18          -7.E-03                   1.93168068E-03        -100.223511                 9.27642059E-15        -307.540619              -100.223511      
                   1.07249999               2.03319263E-03           1.00803709E-18          -7.25E-03                 2.03319263E-03        -100.194527                -9.77164555E-15        -311.584229              -100.194527      
                   1.07500005               2.13655925E-03           1.11645722E-18          -7.5E-03                  2.13655925E-03        -100.176537                -5.58551884E-15        -315.534729              -100.176537      
                   1.07749999               2.24169183E-03           1.11645722E-18          -7.75E-03                 2.24169183E-03        -100.170303                -5.32186937E-15        -319.401123              -100.170303      
                   1.08000004               2.3485961E-03            1.00803709E-18          -8.E-03                   2.3485961E-03         -100.172928                -8.79596043E-15        -323.184143              -100.172928      
                   1.08249998               2.45732427E-03         818.301636E-21            -8.25E-03                 2.45732427E-03        -100.180153               -14.9043369E-15         -326.880096              -100.180153      
                   1.08500004               2.56793594E-03           1.27908766E-18          -8.5E-03                  2.56793594E-03        -100.18808                  1.62154973E-15        -330.484619              -100.18808       
                   1.08749998               2.68047094E-03         899.616882E-21            -8.75E-03                 2.68047094E-03        -100.194061               -11.4972229E-15         -333.994843              -100.194061      
                   1.09000003               2.79493737E-03           1.17066753E-18          -9.E-03                   2.79493737E-03        -100.196877                -1.64952159E-15        -337.410339              -100.196877      
                   1.09249997               2.91131425E-03           1.33329773E-18          -9.25E-03                 2.91131425E-03        -100.196526                 4.01866961E-15        -340.733215              -100.196526      
                   1.09500003               3.02955723E-03           1.41461289E-18          -9.5E-03                  3.02955723E-03        -100.193741                 6.63215399E-15        -343.967224              -100.193741      
                   1.09749997               3.14961052E-03           1.41461289E-18          -9.75E-03                 3.14961052E-03        -100.189568                 6.33067799E-15        -347.117096              -100.189568      
                   1.10000002               3.27141643E-03           1.30619276E-18         -10.E-03                   3.27141643E-03        -100.185013                 2.31370783E-15        -350.187592              -100.185013      
                   1.10249996               3.39492249E-03           1.08935225E-18         -10.25E-03                 3.39492249E-03        -100.180817                -5.25220346E-15        -353.183014              -100.180817      
                   1.10500002               3.52008367E-03         791.196594E-21           -10.5E-03                  3.52008367E-03        -100.177376               -15.2768583E-15         -356.106873              -100.177376      
                   1.10749996               3.64686489E-03           1.14356232E-18         -10.75E-03                 3.64686489E-03        -100.174789                -2.46366835E-15        -358.961884              -100.174789      
                   1.11000001               3.77523756E-03           1.41461289E-18         -11.E-03                   3.77523756E-03        -100.172928                 6.97706509E-15        -361.750122              -100.172928      
                   1.11249995               3.90517974E-03         818.301636E-21           -11.25E-03                 3.90517974E-03        -100.171539               -13.8638515E-15         -364.473145              -100.171539      
                   1.11500001               4.03667068E-03         926.721863E-21           -11.5E-03                  4.03667068E-03        -100.170341                -9.51452065E-15        -367.132324              -100.170341      
                   1.11749995               4.16968966E-03         926.721863E-21           -11.75E-03                 4.16968966E-03        -100.16909                 -9.09278297E-15        -369.728943              -100.16909       
                   1.12                     4.30421591E-03         818.301636E-21           -12.E-03                   4.30421591E-03        -100.16761                -12.4247637E-15         -372.264374              -100.16761       
                   1.12249994               4.44022417E-03           1.36040282E-18         -12.25E-03                 4.44022417E-03        -100.165825                 6.79528904E-15        -374.740204              -100.165825      
                   1.125                    4.57768965E-03           1.06224716E-18         -12.5E-03                  4.57768965E-03        -100.163719                -3.77434564E-15        -377.158081              -100.163719      
                   1.12750006               4.71658421E-03           1.44171798E-18         -12.75E-03                 4.71658421E-03        -100.161362                 9.46421337E-15        -379.519775              -100.161362      
                   1.13                     4.8568778E-03          953.827026E-21           -13.E-03                   4.8568778E-03         -100.158829                -7.75983238E-15        -381.827087              -100.158829      
                   1.13249993               4.99854231E-03           1.11645722E-18         -13.25E-03                 4.99854231E-03        -100.156219                -1.8169415E-15         -384.081909              -100.156219      
                   1.13499999               5.14154911E-03           1.1977725E-18          -13.5E-03                  5.14154911E-03        -100.15361                  1.06434917E-15        -386.285919              -100.15361       
                   1.13750005               5.28587008E-03           1.1977725E-18          -13.75E-03                 5.28587008E-03        -100.15107                  1.01798952E-15        -388.440826              -100.15107       
                   1.13999999               5.43148041E-03           1.11645722E-18         -14.E-03                   5.43148041E-03        -100.148628                -1.82867312E-15        -390.548096              -100.148628      
                   1.14250004               5.57835293E-03         926.721863E-21           -14.25E-03                 5.57835293E-03        -100.146301                -8.28871727E-15        -392.609222              -100.146301      
                   1.14499998               5.7264657E-03            1.41461289E-18         -14.5E-03                  5.7264657E-03         -100.144073                 8.88707256E-15        -394.625458              -100.144073      
                   1.14750004               5.87579489E-03           1.03514206E-18         -14.75E-03                 5.87579489E-03        -100.14193                 -4.57777929E-15        -396.598022              -100.14193       
                   1.14999998               6.02631903E-03           1.30619276E-18         -15.E-03                   6.02631903E-03        -100.139832                 4.9636817E-15         -398.528137              -100.139832      
                   1.15250003               6.17801714E-03         764.091492E-21           -15.25E-03                 6.17801714E-03        -100.137756               -13.939043E-15          -400.41684               -100.137756      
                   1.15499997               6.33086777E-03         872.511719E-21           -15.5E-03                  6.33086777E-03        -100.135689                -9.60114193E-15        -402.265259              -100.135689      
                   1.15750003               6.48484945E-03         899.616882E-21           -15.75E-03                 6.48484945E-03        -100.133606                -8.2539854E-15         -404.074463              -100.133606      
                   1.15999997               6.63994169E-03         818.301636E-21           -16.E-03                   6.63994169E-03        -100.131508               -10.7035589E-15         -405.845459              -100.131508      
                   1.16250002               6.79612303E-03         655.671326E-21           -16.25E-03                 6.79612303E-03        -100.129395               -15.8527288E-15         -407.579376              -100.129395      
                   1.16499996               6.95337343E-03           1.14356232E-18         -16.5E-03                  6.95337343E-03        -100.127266                 1.65007174E-15        -409.277161              -100.127266      
                   1.16750002               7.1116724E-03          818.301636E-21           -16.75E-03                 7.1116724E-03         -100.125145                -9.63724041E-15        -410.93988               -100.125145      
                   1.16999996               7.27099895E-03           1.14356232E-18         -17.E-03                   7.27099895E-03        -100.123032                 1.99141145E-15        -412.568512              -100.123032      
                   1.17250001               7.43133402E-03           1.38750792E-18         -17.25E-03                 7.43133402E-03        -100.120949                10.3198795E-15         -414.164001              -100.120949      
                   1.17499995               7.59265757E-03         764.091492E-21           -17.5E-03                  7.59265757E-03        -100.118904               -11.6212416E-15         -415.727264              -100.118904      
                   1.17750001               7.75495148E-03         818.301636E-21           -17.75E-03                 7.75495148E-03        -100.116898                -9.25725651E-15        -417.259186              -100.116898      
                   1.18000007               7.91814899E-03         764.091492E-21           -18.E-03                   7.91814899E-03        -100.111008               -10.7641153E-15         -418.745972              -100.111008      
                   1.1825                   8.08221149E-03         628.566284E-21           -18.25E-03                 8.08221149E-03        -100.106537               -15.070302E-15          -420.208374              -100.106537      
                   1.18499994               8.24711704E-03           1.14356232E-18         -18.5E-03                  8.24711704E-03        -100.103783                 3.72280574E-15        -421.647461              -100.103783      
                   1.1875                   8.41285419E-03         818.301636E-21           -18.75E-03                 8.41285419E-03        -100.102562                -7.89530182E-15        -423.063568              -100.102562      
                   1.19000006               8.57941914E-03           1.1977725E-18          -19.E-03                   8.57941914E-03        -100.102531                 5.81282377E-15        -424.456299              -100.102531      
                   1.1925                   8.74681664E-03         709.881409E-21           -19.25E-03                 8.74681664E-03        -100.103233               -11.6245689E-15         -425.824829              -100.103233      
                   1.19499993               8.91505527E-03         872.511719E-21           -19.5E-03                  8.91505527E-03        -100.104195                -5.39423037E-15        -427.168304              -100.104195      
                   1.19749999               9.08413982E-03         980.932068E-21           -19.75E-03                 9.08413982E-03        -100.105003                -1.34238923E-15        -428.48587               -100.105003      
                   1.20000005               9.25407028E-03         980.932068E-21           -20.E-03                   9.25407028E-03        -100.105324                -1.28461027E-15        -429.777008              -100.105324      
                   1.20249999               9.42484379E-03         872.511719E-21           -20.25E-03                 9.42484379E-03        -100.104965                -5.04897785E-15        -431.041626              -100.104965      
                   1.20500004               9.5964489E-03          655.671326E-21           -20.5E-03                  9.5964489E-03         -100.103851               -12.471364E-15          -432.280029              -100.103851      
                   1.20749998               9.76887226E-03           1.11645722E-18         -20.75E-03                 9.76887226E-03        -100.102028                 4.29783058E-15        -433.49292               -100.102028      
                   1.21000004               9.94209194E-03         736.98645E-21            -21.E-03                   9.94209194E-03        -100.099632                -9.25566387E-15        -434.681274              -100.099632      
                   1.21249998              10.1160851E-03            1.00803709E-18         -21.25E-03                10.1160851E-03         -100.096855               690.476318E-18          -435.846375              -100.096855      
                   1.21500003              10.2908287E-03            1.17066753E-18         -21.5E-03                 10.2908287E-03         -100.093903                 6.39057684E-15        -436.989471              -100.093903      
                   1.21749997              10.4662962E-03            1.25198257E-18         -21.75E-03                10.4662962E-03         -100.090988                 8.98198605E-15        -438.111847              -100.090988      
                   1.22000003              10.6424675E-03            1.25198257E-18         -22.E-03                  10.6424675E-03         -100.088287                 8.59802151E-15        -439.214661              -100.088287      
                   1.22249997              10.8193207E-03            1.14356232E-18         -22.25E-03                10.8193207E-03         -100.085915                 4.41096878E-15        -440.298889              -100.085915      
                   1.22500002              10.9968414E-03          926.721863E-21           -22.5E-03                 10.9968414E-03         -100.083939                -3.41699028E-15        -441.365265              -100.083939      
                   1.22749996              11.1750164E-03          601.461243E-21           -22.75E-03                11.1750164E-03         -100.082375               -14.7310638E-15         -442.414276              -100.082375      
                   1.23000002              11.3538342E-03          926.721863E-21           -23.E-03                  11.3538342E-03         -100.081177                -2.64369941E-15        -443.446259              -100.081177      
                   1.23249996              11.533289E-03             1.17066753E-18         -23.25E-03                11.533289E-03          -100.080276                 6.063869E-15          -444.461426              -100.080276      
                   1.23500001              11.7133722E-03          574.356201E-21           -23.5E-03                 11.7133722E-03         -100.079567               -15.2044191E-15         -445.459778              -100.079567      
                   1.23749995              11.8940821E-03          655.671326E-21           -23.75E-03                11.8940821E-03         -100.078957               -11.6933327E-15         -446.441406              -100.078957      
                   1.24000001              12.075408E-03           628.566284E-21           -24.E-03                  12.075408E-03          -100.078339               -12.1519451E-15         -447.406311              -100.078339      
                   1.24250007              12.257349E-03           520.146057E-21           -24.25E-03                12.257349E-03          -100.077637               -15.4566517E-15         -448.354584              -100.077637      
                   1.245                   12.4398947E-03            1.06224716E-18         -24.5E-03                 12.4398947E-03         -100.076805                 4.30000162E-15        -449.286407              -100.076805      
                   1.24749994              12.6230373E-03          764.091492E-21           -24.75E-03                12.6230373E-03         -100.075806                -6.38803768E-15        -450.201996              -100.075806      
                   1.25                    12.8067675E-03            1.11645722E-18         -25.E-03                  12.8067675E-03         -100.074638                 6.29860067E-15        -451.101685              -100.074638      
                   1.25250006              12.9910755E-03          628.566284E-21           -25.25E-03                12.9910755E-03         -100.073326               -11.159668E-15          -451.985962              -100.073326      
                   1.255                   13.1759481E-03          791.196594E-21           -25.5E-03                 13.1759481E-03         -100.071907                -4.95719719E-15        -452.855225              -100.071907      
                   1.25749993              13.3613749E-03          872.511719E-21           -25.75E-03                13.3613749E-03         -100.070427                -1.88240683E-15        -453.710022              -100.070427      
                   1.25999999              13.5473423E-03          845.406738E-21           -26.E-03                  13.5473423E-03         -100.068939                -2.75804162E-15        -454.550873              -100.068939      
                   1.26250005              13.733839E-03           736.98645E-21            -26.25E-03                13.733839E-03          -100.067482                -6.46216059E-15        -455.378265              -100.067482      
                   1.26499999              13.9208536E-03          520.146057E-21           -26.5E-03                 13.9208536E-03         -100.066109               -13.8307085E-15         -456.192657              -100.066109      
                   1.26750004              14.1083765E-03          980.932068E-21           -26.75E-03                14.1083765E-03         -100.064835                 2.98947406E-15        -456.994446              -100.064835      
                   1.26999998              14.2963982E-03          601.461243E-21           -27.E-03                  14.2963982E-03         -100.063683               -10.5084581E-15         -457.783997              -100.063683      
                   1.27250004              14.48491E-03            872.511719E-21           -27.25E-03                14.48491E-03           -100.062645              -514.626465E-18          -458.561584              -100.062645      
                   1.27499998              14.6739044E-03            1.06224716E-18         -27.5E-03                 14.6739044E-03         -100.061722                 6.19317436E-15        -459.327454              -100.061722      
                   1.27750003              14.8633747E-03            1.17066753E-18         -27.75E-03                14.8633747E-03         -100.060883                 9.75355053E-15        -460.081757              -100.060883      
                   1.27999997              15.0533152E-03            1.14356232E-18         -28.E-03                  15.0533152E-03         -100.06012                  8.38864136E-15        -460.824738              -100.06012       
                   1.28250003              15.2437181E-03            1.03514206E-18         -28.25E-03                15.2437181E-03         -100.059395                 4.2157011E-15         -461.556458              -100.059395      
                   1.28499997              15.4345789E-03          818.301636E-21           -28.5E-03                 15.4345789E-03         -100.058678                -3.6027751E-15         -462.2771                -100.058678      
                   1.28750002              15.6258926E-03          520.146057E-21           -28.75E-03                15.6258926E-03         -100.057961               -13.9589739E-15         -462.986786              -100.057961      
                   1.28999996              15.8176517E-03          899.616882E-21           -29.E-03                  15.8176517E-03         -100.05722               -924.680664E-21          -463.685699              -100.05722       
                   1.29250002              16.0098476E-03            1.17066753E-18         -29.25E-03                16.0098476E-03         -100.056442                 9.5513382E-15         -464.373993              -100.056442      
                   1.29499996              16.2024822E-03          574.356201E-21           -29.5E-03                 16.2024822E-03         -100.055634               -11.8635855E-15         -465.05191               -100.055634      
                   1.29750001              16.3955383E-03          628.566284E-21           -29.75E-03                16.3955383E-03         -100.054787                -9.45668602E-15        -465.719635              -100.054787      
                   1.29999995              16.589016E-03           601.461243E-21           -30.E-03                  16.589016E-03          -100.053917               -10.0164347E-15         -466.377411              -100.053917      
                   1.30250001              16.7829037E-03          493.041016E-21           -30.25E-03                16.7829037E-03         -100.053024               -13.4187555E-15         -467.025513              -100.053024      
                   1.30500007              16.9771976E-03            1.06224716E-18         -30.5E-03                 16.9771976E-03         -100.052139                 7.20229244E-15        -467.664154              -100.052139      
                   1.3075                  17.1718922E-03          764.091492E-21           -30.75E-03                17.1718922E-03         -100.051254                -3.60636663E-15        -468.29361               -100.051254      
                   1.30999994              17.3669739E-03            1.11645722E-18         -31.E-03                  17.3669739E-03         -100.0504                   8.96266842E-15        -468.914124              -100.0504        
                   1.3125                  17.5624409E-03          628.566284E-21           -31.25E-03                17.5624409E-03         -100.049583                -8.60619068E-15        -469.525879              -100.049583      
                   1.31500006              17.7582874E-03          791.196594E-21           -31.5E-03                 17.7582874E-03         -100.048798                -2.51566768E-15        -470.129089              -100.048798      
                   1.3175                  17.9545078E-03          872.511719E-21           -31.7500019E-03           17.9545078E-03         -100.048058               455.036346E-18          -470.723999              -100.048058      
                   1.31999993              18.1510925E-03          872.511719E-21           -32.E-03                  18.1510925E-03         -100.047363               436.082916E-18          -471.310699              -100.047363      
                   1.32249999              18.3480396E-03          764.091492E-21           -32.25E-03                18.3480396E-03         -100.0467                  -3.40328169E-15        -471.889374              -100.0467        
                   1.32500005              18.5453453E-03          547.251099E-21           -32.5E-03                 18.5453453E-03         -100.046074               -10.9041338E-15         -472.460175              -100.046074      
                   1.32749999              18.743E-03              980.932068E-21           -32.75E-03                18.743E-03             -100.045479                 4.83450794E-15        -473.023193              -100.045479      
                   1.33000004              18.9410038E-03          574.356201E-21           -33.E-03                  18.9410038E-03         -100.044891                -9.6963644E-15         -473.578583              -100.044891      
                   1.33249998              19.139349E-03           791.196594E-21           -33.25E-03                19.139349E-03          -100.044327                -1.65077639E-15        -474.126434              -100.044327      
                   1.33500004              19.3380337E-03          953.827026E-21           -33.5E-03                 19.3380337E-03         -100.043762                 4.1498208E-15         -474.666901              -100.043762      
                   1.33749998              19.5370522E-03            1.00803709E-18         -33.75E-03                19.5370522E-03         -100.043198                 5.88821793E-15        -475.200073              -100.043198      
                   1.34000003              19.7364006E-03          953.827026E-21           -34.E-03                  19.7364006E-03         -100.042625                 3.73315644E-15        -475.726074              -100.042625      
                   1.34249997              19.9360714E-03          818.301636E-21           -34.25E-03                19.9360714E-03         -100.042053                -1.19848418E-15        -476.245056              -100.042053      
                   1.34500003              20.1360645E-03          601.461243E-21           -34.5E-03                 20.1360645E-03         -100.041473                -8.79168797E-15        -476.757111              -100.041473      
                   1.34749997              20.3363705E-03            1.03514206E-18         -34.75E-03                20.3363705E-03         -100.040886                 6.85858536E-15        -477.262421              -100.040886      
                   1.35000002              20.5369892E-03          628.566284E-21           -35.E-03                  20.5369892E-03         -100.040306                -7.75616407E-15        -477.761108              -100.040306      
                   1.35249996              20.737915E-03           872.511719E-21           -35.25E-03                20.737915E-03          -100.039726                 1.1634475E-15         -478.253296              -100.039726      
                   1.35500002              20.9391403E-03            1.03514206E-18         -35.5E-03                 20.9391403E-03         -100.039154                 6.84759331E-15        -478.739105              -100.039154      
                   1.35749996              21.1406651E-03            1.11645722E-18         -35.75E-03                21.1406651E-03         -100.038597                 9.43041992E-15        -479.218719              -100.038597      
                   1.36000001              21.3424797E-03            1.11645722E-18         -36.E-03                  21.3424797E-03         -100.038048                 9.0403614E-15         -479.692261              -100.038048      
                   1.36249995              21.5445862E-03            1.00803709E-18         -36.25E-03                21.5445862E-03         -100.037521                 4.84498262E-15        -480.15979               -100.037521      
                   1.36500001              21.7469788E-03          818.301636E-21           -36.5E-03                 21.7469788E-03         -100.03701                 -2.04312372E-15        -480.62149               -100.03701       
                   1.36750007              21.9496498E-03          520.146057E-21           -36.75E-03                21.9496498E-03         -100.036514               -12.4682817E-15         -481.077423              -100.036514      
                   1.37                    22.1525993E-03          899.616882E-21           -37.E-03                  22.1525993E-03         -100.036034                 1.4225055E-15         -481.52771               -100.036034      
                   1.37249994              22.3558216E-03          438.830872E-21           -37.25E-03                22.3558216E-03         -100.035576               -14.878459E-15          -481.972473              -100.035576      
                   1.375                   22.5593128E-03          655.671326E-21           -37.5E-03                 22.5593128E-03         -100.035126                -6.62104225E-15        -482.411743              -100.035126      
                   1.37750006              22.763073E-03           764.091492E-21           -37.75E-03                22.763073E-03          -100.034691                -2.52617788E-15        -482.845673              -100.034691      
                   1.38                    22.9670944E-03          791.196594E-21           -38.E-03                  22.9670944E-03         -100.034271                -1.4665693E-15         -483.274292              -100.034271      
                   1.38249993              23.1713791E-03          709.881409E-21           -38.25E-03                23.1713791E-03         -100.033852                -4.27245998E-15        -483.697723              -100.033852      
                   1.38499999              23.3759174E-03          520.146057E-21           -38.5E-03                 23.3759174E-03         -100.033432               -10.7845812E-15         -484.116028              -100.033432      
                   1.38750005              23.5807114E-03          980.932068E-21           -38.75E-03                23.5807114E-03         -100.03302                  5.90241766E-15        -484.529266              -100.03302       
                   1.38999999              23.7857533E-03          574.356201E-21           -39.E-03                  23.7857533E-03         -100.032616                -8.6725626E-15         -484.937561              -100.032616      
                   1.39250004              23.991045E-03           818.301636E-21           -39.25E-03                23.991045E-03          -100.032211               283.62207E-18           -485.340973              -100.032211      
                   1.39499998              24.196579E-03           980.932068E-21           -39.5E-03                 24.196579E-03          -100.031807                 6.00478983E-15        -485.739624              -100.031807      
                   1.39750004              24.4023533E-03            1.03514206E-18         -39.75E-03                24.4023533E-03         -100.031403                 7.66875219E-15        -486.133545              -100.031403      
                   1.39999998              24.6083679E-03            1.00803709E-18         -40.E-03                  24.6083679E-03         -100.031006                 6.39794016E-15        -486.522827              -100.031006      
                   1.40250003              24.8146152E-03          899.616882E-21           -40.25E-03                24.8146152E-03         -100.030609                 2.31300259E-15        -486.907562              -100.030609      
                   1.40499997              25.0210953E-03          682.776367E-21           -40.5E-03                 25.0210953E-03         -100.03022                 -5.42598009E-15        -487.287872              -100.03022       
                   1.40750003              25.2278042E-03          384.620819E-21           -40.75E-03                25.2278042E-03         -100.029839               -15.7135611E-15         -487.663757              -100.029839      
                   1.40999997              25.4347382E-03          736.98645E-21            -41.E-03                  25.4347382E-03         -100.029465                -2.64677382E-15        -488.03537               -100.029465      
                   1.41250002              25.6418934E-03            1.00803709E-18         -41.25E-03                25.6418934E-03         -100.029099                 7.01697826E-15        -488.40274               -100.029099      
                   1.41499996              25.8492718E-03          411.725861E-21           -41.5E-03                 25.8492718E-03         -100.02874                -14.2923031E-15         -488.765961              -100.02874       
                   1.41750002              26.0568657E-03          465.935974E-21           -41.75E-03                26.0568657E-03         -100.028397               -11.7949276E-15         -489.125092              -100.028397      
                   1.41999996              26.2646751E-03          438.830872E-21           -42.E-03                  26.2646751E-03         -100.028053               -12.2667208E-15         -489.480194              -100.028053      
                   1.42250001              26.4726944E-03          330.410675E-21           -42.25E-03                26.4726944E-03         -100.027725               -15.5859127E-15         -489.831329              -100.027725      
                   1.42499995              26.6809254E-03          899.616882E-21           -42.5E-03                 26.6809254E-03         -100.027405                 5.11909199E-15        -490.178558              -100.027405      
                   1.42750001              26.8893642E-03          628.566284E-21           -42.75E-03                26.8893642E-03         -100.027084                -4.64603329E-15        -490.521973              -100.027084      
                   1.43000007              27.0980072E-03            1.00803709E-18         -43.E-03                  27.0980072E-03         -100.026772                 8.92186546E-15        -490.861603              -100.026772      
                   1.4325                  27.3068523E-03          547.251099E-21           -43.25E-03                27.3068523E-03         -100.026466                -7.68777037E-15        -491.197479              -100.026466      
                   1.43499994              27.5158978E-03          764.091492E-21           -43.5E-03                 27.5158978E-03         -100.026169               271.351837E-18          -491.529724              -100.026169      
                   1.4375                  27.7251415E-03          872.511719E-21           -43.75E-03                27.7251415E-03         -100.025871                 4.08246946E-15        -491.858337              -100.025871      
                   1.44000006              27.9345798E-03          899.616882E-21           -44.E-03                  27.9345798E-03         -100.025574                 4.8710041E-15         -492.183411              -100.025574      
                   1.4425                  28.1442127E-03          818.301636E-21           -44.25E-03                28.1442127E-03         -100.025284                 1.80508244E-15        -492.504944              -100.025284      
                   1.44499993              28.3540344E-03          655.671326E-21           -44.5E-03                 28.3540344E-03         -100.024994                -4.00213957E-15        -492.823059              -100.024994      
                   1.44749999              28.564045E-03           411.725861E-21           -44.75E-03                28.564045E-03          -100.024704               -12.4386988E-15         -493.137756              -100.024704      
                   1.45000005              28.7742424E-03          818.301636E-21           -45.E-03                  28.7742424E-03         -100.024422                 2.40328336E-15        -493.449127              -100.024422      
                   1.45249999              28.9846249E-03          384.620819E-21           -45.25E-03                28.9846249E-03         -100.024147               -12.9842081E-15         -493.757202              -100.024147      
                   1.45500004              29.1951904E-03          601.461243E-21           -45.5E-03                 29.1951904E-03         -100.023872                -4.80920172E-15        -494.062042              -100.023872      
                   1.45749998              29.4059353E-03          736.98645E-21            -45.75E-03                29.4059353E-03         -100.023598               165.118698E-18          -494.363708              -100.023598      
                   1.46000004              29.6168575E-03          736.98645E-21            -46.E-03                  29.6168575E-03         -100.023331               158.378372E-18          -494.662201              -100.023331      
                   1.46249998              29.8279552E-03          682.776367E-21           -46.25E-03                29.8279552E-03         -100.023071                -1.7592814E-15         -494.957642              -100.023071      
                   1.46500003              30.0392284E-03          520.146057E-21           -46.5E-03                 30.0392284E-03         -100.022812                -7.42111778E-15        -495.250031              -100.022812      
                   1.46749997              30.2506714E-03          249.095535E-21           -46.75E-03                30.2506714E-03         -100.02256                -16.6744843E-15         -495.539429              -100.02256       
                   1.47000003              30.4622879E-03          628.566284E-21           -47.E-03                  30.4622879E-03         -100.022316                -2.61599231E-15        -495.825867              -100.022316      
                   1.47249997              30.6740704E-03          899.616882E-21           -47.25E-03                30.6740704E-03         -100.022072                 7.04683113E-15        -496.109375              -100.022072      
                   1.47500002              30.8860207E-03          357.515717E-21           -47.5E-03                 30.8860207E-03         -100.021835               -12.3528061E-15         -496.390045              -100.021835      
                   1.47749996              31.098135E-03           465.935974E-21           -47.75E-03                31.098135E-03          -100.021599                -8.02697277E-15        -496.667908              -100.021599      
                   1.48000002              31.3104134E-03          493.041016E-21           -48.E-03                  31.3104134E-03         -100.02137                 -6.74435663E-15        -496.942963              -100.02137       
                   1.48249996              31.5228519E-03          438.830872E-21           -48.25E-03                31.5228519E-03         -100.021141                -8.38095379E-15        -497.215271              -100.021141      
                   1.48500001              31.7354469E-03          276.200592E-21           -48.5E-03                 31.7354469E-03         -100.02092                -13.7735424E-15         -497.484894              -100.02092       
                   1.48749995              31.9482021E-03          791.196594E-21           -48.75E-03                31.9482021E-03         -100.020699                 4.94429827E-15        -497.751831              -100.020699      
                   1.49000001              32.1611137E-03          465.935974E-21           -49.E-03                  32.1611137E-03         -100.020485                -6.72465181E-15        -498.016113              -100.020485      
                   1.49250007              32.3741798E-03          818.301636E-21           -49.25E-03                32.3741798E-03         -100.020271                 5.97237873E-15        -498.277832              -100.020271      
                   1.495                   32.5873985E-03          303.305634E-21           -49.5E-03                 32.5873985E-03         -100.020058               -12.4279509E-15         -498.536987              -100.020058      
                   1.49749994              32.800766E-03           465.935974E-21           -49.75E-03                32.800766E-03          -100.019852                -6.1886158E-15         -498.79364               -100.019852      
                   1.5                     33.014286E-03           520.146057E-21           -50.E-03                  33.014286E-03          -100.019646                -4.02568769E-15        -499.047791              -100.019646      
                   1.50250006              33.2279549E-03          493.041016E-21           -50.25E-03                33.2279549E-03         -100.01944                 -4.81771898E-15        -499.2995                -100.01944       
                   1.505                   33.4417686E-03          357.515717E-21           -50.5E-03                 33.4417686E-03         -100.019234                -9.40027618E-15        -499.548767              -100.019234      
                   1.50749993              33.6557236E-03          899.616882E-21           -50.75E-03                33.6557236E-03         -100.019035                10.0950603E-15         -499.795685              -100.019035      
                   1.50999999              33.8698273E-03          601.461243E-21           -51.E-03                  33.8698273E-03         -100.018845              -827.410461E-18          -500.040222              -100.018845      
                   1.51250005              34.0840721E-03          221.990479E-21           -51.25E-03                34.0840721E-03         -100.018646               -14.1733046E-15         -500.282471              -100.018646      
                   1.51499999              34.2984543E-03          520.146057E-21           -51.5E-03                 34.2984543E-03         -100.018463                -3.08536196E-15        -500.52243               -100.018463      
                   1.51749992              34.5129776E-03          736.98645E-21            -51.75E-03                34.5129776E-03         -100.018272                 4.68535852E-15        -500.760132              -100.018272      
                   1.51999998              34.7276382E-03          845.406738E-21           -52.E-03                  34.7276382E-03         -100.018089                 8.31797123E-15        -500.995636              -100.018089      
                   1.52250004              34.9424324E-03          872.511719E-21           -52.25E-03                34.9424324E-03         -100.017906                 8.9361763E-15         -501.228943              -100.017906      
                   1.52499998              35.1573677E-03          818.301636E-21           -52.5E-03                 35.1573677E-03         -100.017731                 6.66229105E-15        -501.460083              -100.017731      
                   1.52749991              35.3724327E-03          628.566284E-21           -52.75E-03                35.3724327E-03         -100.017555              -297.797455E-18          -501.689087              -100.017555      
                   1.52999997              35.5876274E-03          357.515717E-21           -53.E-03                  35.5876274E-03         -100.01738                 -9.8427496E-15         -501.915985              -100.01738       
                   1.53250003              35.8029556E-03          736.98645E-21            -53.25E-03                35.8029556E-03         -100.017212                 3.93614554E-15        -502.140839              -100.017212      
                   1.53500009              36.0184135E-03          303.305634E-21           -53.5E-03                 36.0184135E-03         -100.017044               -11.5147371E-15         -502.363617              -100.017044      
                   1.53750002              36.2339973E-03          520.146057E-21           -53.75E-03                36.2339973E-03         -100.016876                -3.40244317E-15        -502.584381              -100.016876      
                   1.53999996              36.449707E-03           628.566284E-21           -54.E-03                  36.449707E-03          -100.016716               558.264709E-18          -502.803131              -100.016716      
                   1.54250002              36.6655464E-03          655.671326E-21           -54.25E-03                36.6655464E-03         -100.016556                 1.49137199E-15        -503.019928              -100.016556      
                   1.54500008              36.8815117E-03          574.356201E-21           -54.5E-03                 36.8815117E-03         -100.016396                -1.43619132E-15        -503.234802              -100.016396      
                   1.54750001              37.0975952E-03          411.725861E-21           -54.75E-03                37.0975952E-03         -100.016235                -7.11240005E-15        -503.447723              -100.016235      
                   1.54999995              37.3138046E-03          140.675339E-21           -55.E-03                  37.3138046E-03         -100.016083               -16.3817844E-15         -503.658783              -100.016083      
                   1.55250001              37.5301323E-03          520.146057E-21           -55.25E-03                37.5301323E-03         -100.01593                 -2.33848476E-15        -503.86795               -100.01593       
                   1.55500007              37.746582E-03           791.196594E-21           -55.5E-03                 37.746582E-03          -100.015778                 7.31352949E-15        -504.075287              -100.015778      
                   1.5575                  37.96315E-03            221.990479E-21           -55.75E-03                37.96315E-03           -100.015625               -13.0529318E-15         -504.280792              -100.015625      
                   1.55999994              38.1798325E-03          276.200592E-21           -56.E-03                  38.1798325E-03         -100.01548                -10.6134787E-15         -504.484497              -100.01548       
                   1.5625                  38.3968239E-03          276.200592E-21           -56.25E-03                38.3968239E-03         -100.040398               -10.1835423E-15         -504.670288              -100.040398      
                   1.56500006              38.6143532E-03          167.780365E-21           -56.5E-03                 38.6143532E-03         -100.070717               -13.593688E-15          -504.823242              -100.070717      
                   1.5675                  38.8325806E-03          709.881409E-21           -56.75E-03                38.8325806E-03         -100.092567                 6.07884884E-15        -504.935059              -100.092567      
                   1.56999993              39.051609E-03           384.620819E-21           -57.E-03                  39.051609E-03          -100.105881                -5.64125538E-15        -504.999908              -100.105881      
                   1.57249999              39.2714539E-03          709.881409E-21           -57.25E-03                39.2714539E-03         -100.108734                 6.06147528E-15        -505.016418              -100.108734      
                   1.57500005              39.4920807E-03          221.990479E-21           -57.5E-03                 39.4920807E-03         -100.095573               -11.3934851E-15         -504.952301              -100.095573      
                   1.57749999              39.7132835E-03          384.620819E-21           -57.75E-03                39.7132835E-03         -100.067223                -5.18996906E-15        -504.814148              -100.067223      
                   1.57999992              39.9347534E-03          438.830872E-21           -58.E-03                  39.9347534E-03         -100.031746                -3.06488705E-15        -504.641235              -100.031746      
                   1.58249998              40.1561966E-03          411.725861E-21           -58.25E-03                40.1561966E-03          -99.9970322               -3.89384198E-15        -504.471985               -99.9970322     
                   1.58500004              40.3773804E-03          276.200592E-21           -58.5E-03                 40.3773804E-03          -99.9693298               -8.50948906E-15        -504.336945               -99.9693298     
                   1.58749998              40.5981598E-03           32.2550926E-21          -58.75E-03                40.5981598E-03          -99.9524536              -16.7558155E-15         -504.254639               -99.9524536     
                   1.58999991              40.8184929E-03          465.935974E-21           -59.E-03                  40.8184929E-03          -99.9474945             -786.715027E-18          -504.230438               -99.9474945     
                   1.59249997              41.0384254E-03           59.3601456E-21          -59.25E-03                41.0384254E-03          -99.9531479              -15.0818768E-15         -504.257965               -99.9531479     
                   1.59500003              41.2580719E-03          303.305634E-21           -59.5E-03                 41.2580719E-03          -99.9663925               -5.86829329E-15        -504.32251                -99.9663925     
                   1.59750009              41.4775772E-03          465.935974E-21           -59.75E-03                41.4775772E-03          -99.9833679              103.374245E-18          -504.405273               -99.9833679     
                   1.60000002              41.6970825E-03          520.146057E-21           -60.E-03                  41.6970825E-03         -100.000259                 2.00999856E-15        -504.48761               -100.000259      
                   1.60249996              41.9167061E-03          465.935974E-21           -60.25E-03                41.9167061E-03         -100.013954                16.8825474E-18         -504.554382              -100.013954      
                   1.60500002              42.1365242E-03          303.305634E-21           -60.5E-03                 42.1365242E-03         -100.02253                 -5.71699858E-15        -504.596191              -100.02253       
                   1.60750008              42.3565598E-03           59.3601456E-21          -60.75E-03                42.3565598E-03         -100.025345               -14.0827827E-15         -504.609924              -100.025345      
                   1.61000001              42.576786E-03           465.935974E-21           -61.E-03                  42.576786E-03          -100.022964               827.195923E-18          -504.598328              -100.022964      
                   1.61249995              42.7971573E-03           32.2550926E-21          -61.25E-03                42.7971573E-03         -100.016785               -14.4944572E-15         -504.568237              -100.016785      
                   1.61500001              43.0176048E-03          249.095535E-21           -61.5E-03                 43.0176048E-03         -100.008667                -6.25624132E-15        -504.528625              -100.008667      
                   1.61750007              43.2380524E-03          384.620819E-21           -61.75E-03                43.2380524E-03         -100.000458                -1.22256362E-15        -504.488617              -100.000458      
                   1.62                    43.4584465E-03          411.725861E-21           -62.E-03                  43.4584465E-03          -99.9936905             -217.051849E-18          -504.455627               -99.9936905     
                   1.62249994              43.6787529E-03          357.515717E-21           -62.25E-03                43.6787529E-03          -99.9893494               -2.11882901E-15        -504.434479               -99.9893494     
                   1.625                   43.8989525E-03          194.885437E-21           -62.5E-03                 43.8989525E-03          -99.9877853               -7.76399326E-15        -504.426819               -99.9877853     
                   1.62750006              44.1190567E-03          -49.0600739E-21          -62.7499962E-03           44.1190567E-03          -99.9887619              -16.0440273E-15         -504.43158                -99.9887619     
                   1.63                    44.3390923E-03          330.410675E-21           -63.E-03                  44.3390923E-03          -99.9916306               -2.01200652E-15        -504.445587               -99.9916306     
                   1.63249993              44.5590858E-03          628.566284E-21           -63.2499962E-03           44.5590858E-03          -99.9955139                8.57956314E-15        -504.464478               -99.9955139     
                   1.63499999              44.7790756E-03           86.46521E-21            -63.5000038E-03           44.7790756E-03          -99.9994965              -10.879735E-15          -504.483917               -99.9994965     
                   1.63750005              44.9990921E-03          221.990479E-21           -63.75E-03                44.9990921E-03         -100.002831                -5.65718222E-15        -504.500183              -100.002831      
                   1.63999999              45.2191544E-03          249.095535E-21           -64.E-03                  45.2191544E-03         -100.005028                -4.47008038E-15        -504.510864              -100.005028      
                   1.64249992              45.4392624E-03          194.885437E-21           -64.25E-03                45.4392624E-03         -100.005882                -6.19784355E-15        -504.515045              -100.005882      
                   1.64499998              45.6594162E-03           59.3601456E-21          -64.5E-03                 45.6594162E-03         -100.005493               -10.721056E-15          -504.513153              -100.005493      
                   1.64750004              45.8796043E-03          574.356201E-21           -64.75E-03                45.8796043E-03         -100.004166                 7.87129068E-15        -504.506683              -100.004166      
                   1.64999998              46.0998154E-03          221.990479E-21           -65.E-03                  46.0998154E-03         -100.002312                -4.87164307E-15        -504.49765               -100.002312      
                   1.65249991              46.3200302E-03          547.251099E-21           -65.25E-03                46.3200302E-03         -100.000381                 6.79282427E-15        -504.488251              -100.000381      
                   1.65499997              46.5402298E-03           32.2550926E-21          -65.5E-03                 46.5402298E-03          -99.9987411              -11.6380129E-15         -504.480225               -99.9987411     
                   1.65750003              46.7604141E-03          167.780365E-21           -65.75E-03                46.7604141E-03          -99.9976349               -6.38416958E-15        -504.474854               -99.9976349     
                   1.66000009              46.9805756E-03          221.990479E-21           -66.E-03                  46.9805756E-03          -99.9971695               -4.21181631E-15        -504.472595               -99.9971695     
                   1.66250002              47.2007103E-03          194.885437E-21           -66.25E-03                47.2007103E-03          -99.9973145               -4.99464989E-15        -504.473297               -99.9973145     
                   1.66499996              47.420826E-03            59.3601456E-21          -66.5E-03                 47.420826E-03           -99.9979324               -9.56699467E-15        -504.476288               -99.9979324     
                   1.66750002              47.640934E-03           601.461243E-21           -66.75E-03                47.640934E-03           -99.9988098                9.93280983E-15        -504.480591               -99.9988098     
                   1.67000008              47.8610382E-03          303.305634E-21           -67.E-03                  47.8610382E-03          -99.9997482             -983.469543E-18          -504.485138               -99.9997482     
                   1.67250001              48.0811539E-03         -103.270172E-21           -67.25E-03                48.0811539E-03         -100.000557               -15.2742577E-15         -504.489075              -100.000557      
                   1.67499995              48.3012733E-03          167.780365E-21           -67.5E-03                 48.3012733E-03         -100.001114                -5.09446955E-15        -504.491791              -100.001114      
                   1.67750001              48.5214043E-03          330.410675E-21           -67.75E-03                48.5214043E-03         -100.001358               846.688721E-18          -504.493011              -100.001358      
                   1.68000007              48.7415466E-03          411.725861E-21           -68.E-03                  48.7415466E-03         -100.001305                 3.67822361E-15        -504.492767              -100.001305      
                   1.6825                  48.9616966E-03          357.515717E-21           -68.25E-03                48.9616966E-03         -100.001022                 1.61670899E-15        -504.491394              -100.001022      
                   1.68499994              49.1818542E-03          249.095535E-21           -68.5E-03                 49.1818542E-03         -100.00061                 -2.27114654E-15        -504.489349              -100.00061       
                   1.6875                  49.4020081E-03           32.2550926E-21          -68.75E-03                49.4020081E-03         -100.000153                -9.82130051E-15        -504.487122              -100.000153      
                   1.69000006              49.6221657E-03          465.935974E-21           -69.E-03                  49.6221657E-03          -99.9997559                5.86749125E-15        -504.485199               -99.9997559     
                   1.6925                  49.8423195E-03           59.3601456E-21          -69.25E-03                49.8423195E-03          -99.9994812               -8.7038784E-15         -504.483826               -99.9994812     
                   1.69499993              50.0624657E-03          276.200592E-21           -69.5E-03                 50.0624657E-03          -99.9993515             -704.095337E-18          -504.483215               -99.9993515     
                   1.69749999              50.2826042E-03          384.620819E-21           -69.75E-03                50.2826042E-03          -99.9993591                3.14634132E-15        -504.483276               -99.9993591     
                   1.70000005              50.502739E-03           411.725861E-21           -70.E-03                  50.502739E-03           -99.9994888                3.97283769E-15        -504.483887               -99.9994888     
                   1.70249999              50.7228737E-03          357.515717E-21           -70.25E-03                50.7228737E-03          -99.9996872                1.89927948E-15        -504.484863               -99.9996872     
                   1.70499992              50.9430046E-03          194.885437E-21           -70.5E-03                 50.9430046E-03          -99.9999084               -3.91093397E-15        -504.485931               -99.9999084     
                   1.70749998              51.1631393E-03          -49.0600739E-21          -70.75E-03                51.1631393E-03         -100.000107               -12.3493261E-15         -504.486877              -100.000107      
                   1.71000004              51.3832741E-03          357.515717E-21           -71.E-03                  51.3832741E-03         -100.000244                 2.48764324E-15        -504.487579              -100.000244      
                   1.71249998              51.6034126E-03          -76.165123E-21           -71.25E-03                51.6034126E-03         -100.000313               -12.9007158E-15         -504.487885              -100.000313      
                   1.71499991              51.823555E-03           140.675339E-21           -71.5E-03                 51.823555E-03          -100.000313                -4.72895861E-15        -504.487885              -100.000313      
                   1.71749997              52.0436974E-03          276.200592E-21           -71.75E-03                52.0436974E-03         -100.000252               241.797607E-18          -504.48761               -100.000252      
                   1.72000003              52.2638435E-03          303.305634E-21           -72.E-03                  52.2638435E-03         -100.00016                  1.1872927E-15         -504.487152              -100.00016       
                   1.72250009              52.4839859E-03          249.095535E-21           -72.25E-03                52.4839859E-03         -100.000053              -772.153259E-18          -504.486633              -100.000053      
                   1.72500002              52.7041321E-03          113.570267E-21           -72.5E-03                 52.7041321E-03          -99.9999542               -5.51752043E-15        -504.486176               -99.9999542     
                   1.72749996              52.9242744E-03         -130.375229E-21           -72.75E-03                52.9242744E-03          -99.9998856              -13.890069E-15          -504.485809               -99.9998856     
                   1.73000002              53.1444168E-03          276.200592E-21           -73.E-03                  53.1444168E-03          -99.9998474                1.0100069E-15         -504.485657               -99.9998474     
                   1.73250008              53.3645592E-03         -157.48027E-21            -73.25E-03                53.3645592E-03          -99.9998474              -14.3177748E-15         -504.485657               -99.9998474     
                   1.73500001              53.5846977E-03           59.3601456E-21          -73.5E-03                 53.5846977E-03          -99.9998779               -6.08798122E-15        -504.485779               -99.9998779     
                   1.73749995              53.8048363E-03          194.885437E-21           -73.75E-03                53.8048363E-03          -99.9999237               -1.06155825E-15        -504.485992               -99.9999237     
                   1.74000001              54.0249786E-03          221.990479E-21           -74.E-03                  54.0249786E-03          -99.9999695              -62.6662979E-18         -504.486237               -99.9999695     
                   1.74250007              54.2451172E-03          167.780365E-21           -74.25E-03                54.2451172E-03         -100.000015                -1.97090089E-15        -504.48645               -100.000015      
                   1.745                   54.4652557E-03           32.2550926E-21          -74.5E-03                 54.4652557E-03         -100.000053                -6.66716051E-15        -504.486633              -100.000053      
                   1.74749994              54.6853943E-03         -184.585327E-21           -74.75E-03                54.6853943E-03         -100.000069               -14.0372219E-15         -504.486725              -100.000069      
                   1.75                    54.9055367E-03          249.095535E-21           -75.E-03                  54.9055367E-03         -100.000076                 1.82429838E-15        -504.486725              -100.000076      
                   1.75250006              55.125679E-03          -157.48027E-21            -75.25E-03                55.125679E-03          -100.000061               -12.581461E-15          -504.486664              -100.000061      
                   1.755                   55.3458214E-03           86.46521E-21            -75.5E-03                 55.3458214E-03         -100.000038                -3.46739149E-15        -504.486572              -100.000038      
                   1.75749993              55.5659599E-03          249.095535E-21           -75.75E-03                55.5659599E-03         -100.000015                 2.40707254E-15        -504.48645               -100.000015      
                   1.75999999              55.7861023E-03          303.305634E-21           -76.E-03                  55.7861023E-03          -99.9999924                4.21925688E-15        -504.486328               -99.9999924     
                   1.76250005              56.0062447E-03          276.200592E-21           -76.25E-03                56.0062447E-03          -99.9999771                3.09099436E-15        -504.486267               -99.9999771     
                   1.76499999              56.226387E-03           140.675339E-21           -76.5E-03                 56.226387E-03           -99.9999695               -1.81264603E-15        -504.486206               -99.9999695     
                   1.76749992              56.4465256E-03          -76.165123E-21           -76.75E-03                56.4465256E-03          -99.9999619               -9.38158798E-15        -504.486206               -99.9999619     
                   1.76999998              56.6666679E-03          357.515717E-21           -77.E-03                  56.6666679E-03          -99.9999695                6.28918314E-15        -504.486237               -99.9999695     
                   1.77250004              56.8868103E-03          -76.165123E-21           -77.25E-03                56.8868103E-03          -99.9999771               -9.25489426E-15        -504.486267               -99.9999771     
                   1.77499998              57.1069489E-03          167.780365E-21           -77.5E-03                 57.1069489E-03          -99.9999924             -277.118164E-18          -504.486328               -99.9999924     
                   1.77749991              57.3270912E-03          330.410675E-21           -77.75E-03                57.3270912E-03         -100.                       5.46664047E-15        -504.486389              -100.            
                   1.77999997              57.5472298E-03          384.620819E-21           -78.E-03                  57.5472298E-03         -100.000008                 7.15347719E-15        -504.48642               -100.000008      
                   1.78250003              57.7673721E-03          330.410675E-21           -78.25E-03                57.7673721E-03         -100.000015                 4.94960022E-15        -504.48645               -100.000015      
                   1.78500009              57.9875107E-03          194.885437E-21           -78.5E-03                 57.9875107E-03         -100.000015               -30.187912E-18          -504.48645               -100.000015      
                   1.78750002              58.207653E-03           -49.0600739E-21          -78.75E-03                58.207653E-03          -100.000015                -8.62755966E-15        -504.48645               -100.000015      
                   1.78999996              58.4277954E-03          384.620819E-21           -79.E-03                  58.4277954E-03         -100.000008                 7.01232338E-15        -504.48642               -100.000008      
                   1.79250002              58.647934E-03           -49.0600739E-21          -79.25E-03                58.647934E-03          -100.000008                -8.56138515E-15        -504.486389              -100.000008      
                   1.79500008              58.8680763E-03          194.885437E-21           -79.5E-03                 58.8680763E-03         -100.                     387.981049E-18          -504.486359              -100.            
                   1.79750001              59.0882187E-03          357.515717E-21           -79.75E-03                59.0882187E-03          -99.9999924                6.10449076E-15        -504.486359               -99.9999924     
                   1.79999995              59.3083572E-03          384.620819E-21           -80.E-03                  59.3083572E-03          -99.9999924                6.809793E-15          -504.486328               -99.9999924     
                   1.80250001              59.5284996E-03          330.410675E-21           -80.25E-03                59.5284996E-03          -99.9999924                4.61999655E-15        -504.486328               -99.9999924     
                   1.80500007              59.748642E-03           194.885437E-21           -80.5E-03                 59.748642E-03           -99.9999924             -346.287048E-18          -504.486328               -99.9999924     
                   1.8075                  59.9687805E-03          -49.0600739E-21          -80.75E-03                59.9687805E-03          -99.9999924               -8.93070698E-15        -504.486359               -99.9999924     
                   1.80999994              60.1889229E-03          384.620819E-21           -81.E-03                  60.1889229E-03         -100.                       6.72159386E-15        -504.486359              -100.            
                   1.8125                  60.4090614E-03          -49.0600739E-21          -81.25E-03                60.4090614E-03         -100.                      -8.84020233E-15        -504.486389              -100.            
                   1.81500006              60.6292038E-03          221.990479E-21           -81.5E-03                 60.6292038E-03         -100.                       1.07598698E-15        -504.486389              -100.            
                   1.8175                  60.8493462E-03          384.620819E-21           -81.75E-03                60.8493462E-03         -100.                       6.76430988E-15        -504.486389              -100.            
                   1.81999993              61.0694847E-03          438.830872E-21           -82.E-03                  61.0694847E-03         -100.000008                 8.39798164E-15        -504.486389              -100.000008      
                   1.82249999              61.2896271E-03          438.830872E-21           -82.25E-03                61.2896271E-03         -100.                       8.05391884E-15        -504.486389              -100.            
                   1.82500005              61.5097694E-03          330.410675E-21           -82.5E-03                 61.5097694E-03         -100.                       3.902349E-15          -504.486389              -100.            
                   1.82749999              61.729908E-03           113.570267E-21           -82.75E-03                61.729908E-03          -100.                      -3.90073586E-15        -504.486389              -100.            
                   1.82999992              61.9500504E-03         -211.690399E-21           -83.E-03                  61.9500504E-03         -100.                     -15.2057352E-15         -504.486389              -100.            
                   1.83249998              62.1701889E-03          140.675339E-21           -83.25E-03                62.1701889E-03         -100.                      -2.16255045E-15        -504.486359              -100.            
                   1.83500004              62.3903313E-03          384.620819E-21           -83.5E-03                 62.3903313E-03         -100.                       6.52465677E-15        -504.486359              -100.            
                   1.83749998              62.6104698E-03         -211.690399E-21           -83.75E-03                62.6104698E-03         -100.                     -14.7614746E-15         -504.486359              -100.            
                   1.83999991              62.8306122E-03         -130.375229E-21           -84.E-03                  62.8306122E-03         -100.                     -11.2905016E-15         -504.486359              -100.            
                   1.84249997              63.0507545E-03         -157.48027E-21            -84.25E-03                63.0507545E-03         -100.                     -11.7833347E-15         -504.486359              -100.            
                   1.84500003              63.2708969E-03         -293.005585E-21           -84.5E-03                 63.2708969E-03         -100.                     -16.0775795E-15         -504.486359              -100.            
                   1.84750009              63.4910393E-03          221.990479E-21           -84.75E-03                63.4910393E-03         -100.                       2.73372817E-15        -504.486389              -100.            
                   1.85000002              63.711174E-03          -103.270172E-21           -85.E-03                  63.711174E-03          -100.                      -8.84308338E-15        -504.486389              -100.            
                   1.85249996              63.9313164E-03          221.990479E-21           -85.25E-03                63.9313164E-03         -100.                       2.98402619E-15        -504.486389              -100.            
                   1.85500002              64.1514587E-03         -293.005585E-21           -85.5E-03                 64.1514587E-03         -100.                     -15.290843E-15          -504.486389              -100.            
                   1.85750008              64.3715973E-03         -157.48027E-21            -85.75E-03                64.3715973E-03         -100.                      -9.8873806E-15         -504.486389              -100.            
                   1.86000001              64.5917435E-03         -103.270172E-21           -86.E-03                  64.5917435E-03         -100.                      -7.57149696E-15        -504.486389              -100.            
                   1.86249995              64.8118744E-03         -157.48027E-21            -86.25E-03                64.8118744E-03         -100.                      -9.17209721E-15        -504.486389              -100.            
                   1.86500001              65.0320206E-03         -293.005585E-21           -86.5E-03                 65.0320206E-03         -100.                     -13.5733242E-15         -504.486389              -100.            
                   1.86750007              65.2521591E-03          221.990479E-21           -86.75E-03                65.2521591E-03         -100.                       5.13538599E-15        -504.486389              -100.            
                   1.87                    65.4723053E-03         -103.270172E-21           -87.E-03                  65.4723053E-03         -100.                      -6.53981924E-15        -504.486389              -100.            
                   1.87249994              65.6924438E-03          249.095535E-21           -87.25E-03                65.6924438E-03         -100.                       6.1483264E-15         -504.486389              -100.            
                   1.875                   65.91259E-03           -265.900482E-21           -87.5E-03                 65.91259E-03           -100.                     -12.2561855E-15         -504.486389              -100.            
                   1.87750006              66.1327209E-03         -130.375229E-21           -87.75E-03                66.1327209E-03         -100.                      -6.97704983E-15        -504.486389              -100.            
                   1.88                    66.3528671E-03          -76.165123E-21           -88.E-03                  66.3528671E-03         -100.                      -4.78040123E-15        -504.486389              -100.            
                   1.88249993              66.5730057E-03         -103.270172E-21           -88.25E-03                66.5730057E-03         -100.                      -5.53995037E-15        -504.486389              -100.            
                   1.88499999              66.7931519E-03         -238.795441E-21           -88.5E-03                 66.7931519E-03         -100.                     -10.0899858E-15         -504.486389              -100.            
                   1.88750005              67.0132904E-03          303.305634E-21           -88.75E-03                67.0132904E-03         -100.                       9.4314146E-15         -504.486389              -100.            
                   1.88999999              67.233429E-03             5.15004063E-21         -89.E-03                  67.233429E-03          -100.                      -1.46439636E-15        -504.486389              -100.            
                   1.89249992              67.4535675E-03         -374.320709E-21           -89.25E-03                67.4535675E-03         -100.                     -14.780014E-15          -504.486389              -100.            
                   1.89499998              67.6737137E-03         -103.270172E-21           -89.5E-03                 67.6737137E-03         -100.                      -4.62047291E-15        -504.486389              -100.            
                   1.89750004              67.8938522E-03           86.46521E-21            -89.75E-03                67.8938522E-03         -100.                       2.25663233E-15        -504.486389              -100.            
                   1.89999998              68.1139984E-03          194.885437E-21           -90.E-03                  68.1139984E-03         -100.                       5.98578215E-15        -504.486389              -100.            
                   1.90249991              68.334137E-03           167.780365E-21           -90.25E-03                68.334137E-03          -100.                       4.78514624E-15        -504.486389              -100.            
                   1.90499997              68.5542755E-03           59.3601456E-21          -90.5E-03                 68.5542755E-03         -100.                     767.497437E-18          -504.486389              -100.            
                   1.90750003              68.7744141E-03         -157.48027E-21            -90.75E-03                68.7744141E-03         -100.                      -6.90715361E-15        -504.486389              -100.            
                   1.91000009              68.9945602E-03          303.305634E-21           -91.E-03                  68.9945602E-03         -100.                       9.61764526E-15        -504.486389              -100.            
                   1.91250002              69.2146988E-03          -76.165123E-21           -91.25E-03                69.2146988E-03         -100.                      -4.151999E-15          -504.486389              -100.            
                   1.91499996              69.434845E-03           194.885437E-21           -91.5E-03                 69.434845E-03          -100.                       5.57211542E-15        -504.486389              -100.            
                   1.91750002              69.6549759E-03         -374.320709E-21           -91.75E-03                69.6549759E-03         -100.                     -14.7195892E-15         -504.486389              -100.            
                   1.92000008              69.8751221E-03         -293.005585E-21           -92.E-03                  69.8751221E-03         -100.                     -11.2503319E-15         -504.486389              -100.            
                   1.92250001              70.0952606E-03         -293.005585E-21           -92.25E-03                70.0952606E-03         -100.                     -10.7894106E-15         -504.486389              -100.            
                   1.92499995              70.3154068E-03         -401.425781E-21           -92.5E-03                 70.3154068E-03         -100.                     -14.1689758E-15         -504.486389              -100.            
                   1.92750001              70.5355453E-03          140.675339E-21           -92.75E-03                70.5355453E-03         -100.                       5.51953888E-15        -504.486389              -100.            
                   1.93000007              70.7556839E-03         -130.375229E-21           -93.E-03                  70.7556839E-03         -100.                      -4.26060247E-15        -504.486389              -100.            
                   1.9325                  70.9758224E-03          221.990479E-21           -93.25E-03                70.9758224E-03         -100.                       8.33416462E-15        -504.486389              -100.            
                   1.93499994              71.1959686E-03         -265.900482E-21           -93.5E-03                 71.1959686E-03         -100.                      -9.20449924E-15        -504.486389              -100.            
                   1.9375                  71.4161072E-03          -76.165123E-21           -93.75E-03                71.4161072E-03         -100.                      -2.13958883E-15        -504.486389              -100.            
                   1.94000006              71.6362534E-03            5.15004063E-21         -94.E-03                  71.6362534E-03         -100.                     814.272095E-18          -504.486389              -100.            
                   1.9425                  71.8563919E-03          -21.9550133E-21          -94.25E-03                71.8563919E-03         -100.                    -174.489197E-18          -504.486389              -100.            
                   1.94499993              72.0765305E-03         -157.48027E-21            -94.5E-03                 72.0765305E-03         -100.                      -4.94434452E-15        -504.486389              -100.            
                   1.94749999              72.296669E-03          -401.425781E-21           -94.75E-03                72.296669E-03          -100.                     -13.3403845E-15         -504.486389              -100.            
                   1.95000005              72.5168152E-03           32.2550926E-21          -95.E-03                  72.5168152E-03         -100.                       2.49257946E-15        -504.486389              -100.            
                   1.95249999              72.7369537E-03         -374.320709E-21           -95.25E-03                72.7369537E-03         -100.                     -11.9405527E-15         -504.486389              -100.            
                   1.95499992              72.9570999E-03         -157.48027E-21            -95.5E-03                 72.9570999E-03         -100.                      -3.80814695E-15        -504.486389              -100.            
                   1.95749998              73.1772308E-03          -21.9550133E-21          -95.75E-03                73.1772308E-03         -100.                       1.12487566E-15        -504.486389              -100.            
                   1.96000004              73.397377E-03           -21.9550133E-21          -96.E-03                  73.397377E-03          -100.                       1.07879007E-15        -504.486389              -100.            
                   1.96249998              73.6175156E-03          -76.165123E-21           -96.25E-03                73.6175156E-03         -100.                    -876.209351E-18          -504.486389              -100.            
                   1.96499991              73.8376617E-03         -238.795441E-21           -96.5E-03                 73.8376617E-03         -100.                      -6.57271671E-15        -504.486389              -100.            
                   1.96749997              74.0578003E-03         -509.846039E-21           -96.75E-03                74.0578003E-03         -100.                     -15.8574429E-15         -504.486389              -100.            
                   1.97000003              74.2779388E-03         -130.375229E-21           -97.E-03                  74.2779388E-03         -100.                      -1.83215833E-15        -504.486389              -100.            
                   1.97250009              74.4980774E-03          167.780365E-21           -97.25E-03                74.4980774E-03         -100.                       8.75231457E-15        -504.486389              -100.            
                   1.97500002              74.7182236E-03         -401.425781E-21           -97.5E-03                 74.7182236E-03         -100.                     -11.6696844E-15         -504.486389              -100.            
                   1.97749996              74.9383621E-03         -293.005585E-21           -97.75E-03                74.9383621E-03         -100.                      -7.36997795E-15        -504.486389              -100.            
                   1.98000002              75.1585083E-03         -293.005585E-21           -98.E-03                  75.1585083E-03         -100.                      -7.06803226E-15        -504.486389              -100.            
                   1.98250008              75.3786469E-03         -401.425781E-21           -98.25E-03                75.3786469E-03         -100.                     -10.6000614E-15         -504.486389              -100.            
                   1.98500001              75.5987854E-03          140.675339E-21           -98.5E-03                 75.5987854E-03         -100.                       8.94223595E-15        -504.486389              -100.            
                   1.98749995              75.818924E-03          -184.585327E-21           -98.75E-03                75.818924E-03          -100.                      -2.8889339E-15         -504.486389              -100.            
                   1.99000001              76.0390701E-03          167.780365E-21           -99.E-03                  76.0390701E-03         -100.                       9.64963627E-15        -504.486389              -100.            
                   1.99250007              76.2592087E-03         -347.215637E-21           -99.25E-03                76.2592087E-03         -100.                      -8.89832211E-15        -504.486389              -100.            
                   1.995                   76.4793549E-03         -184.585327E-21           -99.5E-03                 76.4793549E-03         -100.                      -2.80135632E-15        -504.486389              -100.            
                   1.99749994              76.6994858E-03         -103.270172E-21           -99.75E-03                76.6994858E-03         -100.                     179.616653E-18          -504.486389              -100.            
                   2.                      76.919632E-03          -130.375229E-21          -100.E-03                  76.919632E-03          -100.                    -783.143066E-18          -504.486389              -100.            




